89
8
41
70
3
16
35
18
72
67
16
21
79
34
65
96
1
24
89
27
64
86
38
96
28
83
90
86
52
61
58
66
85
37
65
93
2
70
60
20
84
23
13
64
59
88
44
65
59
29
33
71
62
85
92
3
69
44
42
20
26
48
66
11
9
49
35
42
69
72
95
30
63
69
43
42
74
74
37
40
39
25
27
23
28
87
4
1
45
62
25
57
29
40
93
36
57
3
55
11
54
3
96
87
34
4
8
93
43
51
29
95
8
3
80
2
21
43
83
22
45
35
97
7
47
38
2
23
75
7
85
71
19
27
86
37
29
40
89
25
79
11
57
93
33
30
49
26
60
92
16
14
20
34
65
19
6
89
41
95
2
84
18
36
66
58
76
81
17
44
73
81
53
58
43
35
77
5
74
18
88
75
63
83
91
71
52
85
61
67
32
39
98
94
23
94
93
21
27
75
53
68
10
16
20
34
61
61
90
31
42
2
16
24
7
26
22
34
45
95
6
91
20
50
13
34
82
58
35
48
41
56
77
98
64
20
66
48
63
58
10
91
94
31
26
30
24
75
87
96
73
59
76
32
70
62
49
60
3
86
51
3
26
43
90
85
24
17
59
86
60
73
70
86
85
14
96
89
24
82
10
8
70
38
75
81
79
46
29
3
71
7
45
77
7
8
65
52
41
40
7
7
17
2
37
99
88
89
46
56
65
60
36
20
76
44
32
87
67
9
6
78
88
57
16
53
29
93
79
78
49
45
49
84
76
4
91
69
2
76
92
89
99
72
38
12
71
25
2
63
75
77
84
32
34
28
19
59
85
84
71
95
11
68
8
20
12
51
44
72
52
62
86
91
16
16
78
16
20
4
81
4
91
16
3
71
61
17
50
48
85
32
83
18
5
96
79
31
64
18
1
20
81
29
11
13
91
92
16
18
49
3
40
82
3
67
4
94
66
37
58
94
1
95
87
21
79
69
87
19
36
48
51
2
4
61
22
63
6
89
80
69
1
32
98
82
91
2
15
38
93
85
65
28
59
6
19
86
41
90
34
22
6
97
81
2
51
39
78
41
46
41
89
77
57
89
94
69
96
5
30
77
54
49
26
51
82
24
42
97
42
36
22
15
55
58
64
4
50
96
32
53
23
73
91
53
96
88
71
70
12
50
89
36
60
57
67
56
71
31
20
28
96
80
98
10
19
74
22
98
26
90
19
99
73
77
54
80
58
73
54
94
52
72
86
92
47
85
55
98
90
8
32
20
77
5
56
43
75
82
34
23
66
72
44
21
32
89
63
83
3
86
98
98
77
25
75
24
94
7
63
33
19
24
9
18
58
99
23
68
21
12
6
75
39
31
29
79
28
65
60
57
22
72
95
4
10
34
42
53
29
32
48
68
20
1
4
42
64
27
62
33
67
95
62
91
81
23
59
46
96
96
96
29
46
6
11
47
29
5
8
24
57
70
39
88
64
37
56
39
27
86
15
2
3
28
90
27
10
5
23
87
75
95
56
33
36
19
23
14
89
57
14
60
19
38
75
97
56
73
28
44
66
21
19
10
81
95
26
19
15
83
37
24
82
21
49
61
14
7
53
45
15
43
49
70
73
55
82
65
52
93
71
37
77
78
21
55
76
47
52
41
92
4
99
7
20
89
77
98
89
14
83
50
21
82
29
24
72
49
36
26
13
61
66
21
13
1
47
4
99
94
84
66
54
12
52
12
43
43
51
84
78
84
75
39
10
22
17
94
50
96
83
28
11
26
28
32
38
78
93
20
42
73
98
95
29
17
95
9
31
18
80
30
98
52
48
29
86
28
11
90
83
53
54
3
11
57
56
28
84
21
73
65
49
31
43
5
85
80
10
92
26
9
63
33
17
54
30
59
78
99
45
11
67
3
36
89
20
95
84
72
61
67
24
11
44
16
80
67
10
44
43
6
19
18
65
75
89
22
86
57
27
96
50
84
75
63
97
46
95
53
84
90
95
37
32
58
84
53
88
2
73
63
50
34
56
40
92
49
38
60
1
98
9
27
46
64
17
40
36
81
18
35
71
56
59
52
10
81
86
7
91
36
33
85
84
64
47
16
28
36
71
49
8
35
53
85
81
69
91
67
42
45
17
7
83
38
91
93
75
4
30
11
62
32
69
64
65
23
42
81
18
2
12
1
11
68
28
36
4
74
70
41
90
20
65
46
20
26
2
47
72
54
41
25
6
60
86
75
66
89
20
59
27
10
50
40
34
17
96
16
11
55
90
1
33
88
20
43
