72
69
2
18
25
86
64
12
58
81
61
51
36
28
24
97
9
62
73
96
35
9
38
18
13
68
79
56
15
80
18
48
79
36
69
27
46
62
96
38
45
90
60
2
25
71
91
58
23
82
50
95
78
50
31
63
31
83
6
56
7
9
96
77
63
13
72
99
59
97
51
46
66
36
51
45
48
36
93
41
77
21
33
32
30
23
70
29
6
6
95
63
57
40
31
36
93
83
38
13
99
92
99
26
32
4
29
43
98
86
15
95
90
64
79
86
76
65
47
40
42
43
93
53
3
88
89
26
5
16
51
65
97
81
42
85
21
7
1
26
93
28
31
20
91
1
72
92
61
45
60
29
36
98
70
56
98
47
24
43
14
4
38
83
35
50
97
10
23
94
65
69
64
21
46
15
13
73
61
2
17
97
64
60
56
22
29
99
11
86
86
74
83
58
13
90
90
47
84
42
4
62
69
66
79
90
65
16
52
56
43
25
85
22
27
17
39
77
28
14
21
97
98
37
8
91
85
7
9
56
25
66
88
20
98
54
29
98
81
65
57
14
47
55
43
62
88
62
32
95
51
13
20
71
21
6
64
33
59
88
5
58
7
96
31
77
36
65
23
72
88
41
96
62
56
8
50
44
93
46
3
24
74
13
6
12
46
18
98
92
90
95
40
92
60
98
7
51
24
66
26
23
39
59
8
10
17
57
15
14
56
20
40
13
85
81
84
93
91
20
31
19
67
31
82
92
2
4
3
58
1
98
20
27
21
79
85
16
6
95
95
88
3
85
37
70
56
27
8
79
15
14
60
5
36
7
56
9
77
15
9
13
55
57
14
57
1
13
92
6
96
68
88
95
25
42
17
81
93
13
37
75
96
24
43
87
39
16
91
14
24
76
39
90
87
82
34
45
72
80
70
44
35
2
83
46
25
65
79
93
90
75
15
64
78
33
17
32
14
26
19
84
22
79
82
20
30
97
9
42
9
71
10
14
42
93
41
94
40
97
62
73
36
97
23
49
62
74
12
54
65
3
31
46
61
85
23
55
20
64
16
28
57
38
85
20
65
2
22
85
92
23
91
17
64
45
48
24
56
34
57
56
86
54
76
6
40
63
52
57
71
85
75
76
81
35
17
98
13
4
83
61
52
26
61
43
12
15
81
17
37
98
98
85
7
60
42
3
61
79
79
3
49
65
15
8
47
15
35
30
28
50
11
53
51
96
4
60
92
33
94
26
81
36
20
72
86
89
70
21
93
15
37
34
25
81
12
86
12
54
96
96
79
52
88
87
88
46
35
10
56
81
10
28
84
53
21
13
46
43
22
57
44
15
37
14
13
77
29
70
84
17
48
39
37
98
46
30
48
32
83
41
55
60
64
12
5
9
49
71
60
99
41
68
33
39
52
65
16
75
75
12
18
65
26
40
33
71
91
86
8
90
65
14
59
81
3
83
50
25
9
4
28
58
10
85
75
80
7
98
46
80
15
72
57
72
24
90
35
25
78
34
18
62
63
70
34
28
9
52
37
69
16
90
66
71
83
59
55
40
64
53
64
93
41
27
76
92
56
87
58
12
49
25
47
75
86
66
94
40
51
48
71
55
62
77
65
25
7
86
89
64
35
94
61
25
70
25
22
37
93
41
72
22
94
25
20
90
43
91
85
17
65
16
89
16
82
9
32
64
61
51
86
69
98
93
77
54
64
23
5
62
45
58
46
10
75
50
61
37
57
75
81
15
2
72
98
20
6
45
43
61
92
57
75
42
55
3
24
1
48
66
26
21
86
23
72
8
69
79
41
32
48
94
7
85
70
72
68
26
95
57
48
20
79
44
69
87
82
4
55
73
27
61
89
90
50
61
28
78
99
91
50
27
5
11
14
98
50
89
72
83
34
97
5
90
18
6
41
43
54
85
25
65
24
67
6
86
5
17
36
9
44
90
26
5
7
22
16
69
30
71
37
92
32
72
39
29
56
99
73
44
20
85
24
15
66
84
3
37
5
27
93
34
54
63
39
44
71
1
83
95
90
72
13
83
49
32
34
52
29
77
30
6
43
91
89
59
66
12
39
22
20
79
64
4
77
3
39
68
33
95
58
56
16
77
53
48
72
41
65
34
51
50
8
28
96
88
91
62
74
80
77
59
62
61
76
12
8
10
6
46
93
66
19
33
19
73
89
66
38
41
86
26
46
5
71
69
71
37
7
89
12
76
94
52
18
98
94
55
1
42
41
63
36
19
40
84
31
74
9
24
99
25
25
33
94
52
13
57
